176 113
177 113
180 114
182 115
183 116
186 116
188 118
190 119
193 121
195 123
196 123
199 125
200 126
201 127
203 129
205 129
206 130
207 131
208 132
209 132
210 133
213 136
214 136
215 138
216 139
220 141
221 142
222 143
224 144
226 146
228 148
229 150
230 150
231 152
233 156
234 157
235 159
236 161
238 162
238 163
241 167
242 169
245 175
245 176
246 180
248 185
249 187
250 189
250 193
251 196
252 199
253 200
253 204
255 208
255 212
256 214
256 215
256 217
256 220
256 222
256 227
256 233
256 235
256 238
256 241
255 244
252 252
250 255
249 259
247 261
245 265
243 269
241 272
238 276
236 279
229 287
228 290
224 294
221 298
217 301
214 306
212 309
208 313
206 315
199 322
196 326
191 330
187 332
183 335
178 340
171 344
168 345
166 347
161 349
158 352
155 353
150 355
148 356
145 356
142 356
141 357
135 359
130 360
127 361
125 362
121 362
117 364
116 364
115 364
111 366
109 367
107 367
105 367
104 367
103 368
102 368
101 369
100 370
100 371
100 373
101 373
102 375
102 376
103 376
103 377
104 378
106 379
106 380
108 381
111 382
112 383
114 384
115 385
116 385
119 386
121 386
123 386
126 387
127 387
129 387
132 387
133 387
138 387
142 387
143 387
147 387
152 387
154 387
158 387
160 387
161 387
164 387
167 387
168 387
171 387
173 387
175 387
177 387
179 387
182 387
186 387
189 387
193 387
201 384
203 384
205 383
209 380
213 380
217 377
220 377
223 375
226 373
228 372
233 369
237 367
239 367
244 364
246 363
249 361
253 359
255 359
258 356
261 353
264 352
266 350
266 349
268 348
271 345
272 344
275 341
277 340
278 338
281 336
282 334
285 330
289 325
290 322
292 319
293 318
295 316
296 314
298 311
302 307
305 304
307 301
308 300
309 299
309 298
312 295
312 294
313 293
315 289
316 287
316 284
318 283
318 281
319 279
319 278
320 275
321 274
322 270
322 268
322 266
322 264
322 263
322 257
322 254
322 251
322 249
323 247
323 245
323 244
323 239
323 237
323 234
323 233
323 229
323 225
323 223
323 221
322 216
321 214
321 213
321 211
319 208
318 206
318 205
317 204
317 203
315 200
314 200
313 198
312 196
311 194
311 193
310 191
309 189
308 188
308 187
305 182
304 180
303 178
301 177
301 176
300 175
299 173
297 170
296 170
296 168
294 165
292 164
291 163
290 162
289 161
288 158
287 157
286 157
284 155
283 154
283 153
282 152
280 150
279 148
278 148
277 147
276 146
274 144
273 144
273 143
271 142
269 140
267 139
266 139
265 137
263 136
262 136
261 134
260 134
259 134
257 133
256 132
255 132
254 130
253 130
253 129
251 128
250 128
249 127
248 126
247 125
246 125
245 124
244 124
242 124
241 123
239 122
238 122
237 121
236 121
235 121
233 121
232 120
231 120
229 120
228 119
226 119
225 118
224 118
223 118
222 117
221 117
219 117
218 117
216 117
215 116
214 115
213 115
212 115
211 115
210 115
209 115
207 115
206 115
205 115
204 115
203 115
202 115
201 115
200 115
199 115
198 115
196 115
191 115
189 115
188 115
187 115
186 115
185 115
184 115
183 115
182 114
10000
