226 139
226 138
225 136
224 136
222 136
221 136
218 135
212 134
208 134
200 134
198 134
194 134
191 134
184 134
180 134
178 134
174 134
171 134
167 134
164 134
161 134
159 134
154 135
153 135
152 136
151 136
149 137
145 138
142 141
141 142
136 145
135 146
134 148
134 149
133 151
132 153
132 156
132 157
132 158
132 159
132 162
132 163
132 165
132 167
132 170
132 172
132 174
132 176
132 177
132 179
132 182
133 186
134 187
134 189
134 191
136 193
137 194
138 197
139 198
140 200
141 200
143 202
144 204
144 205
146 206
147 208
148 209
148 210
150 211
153 212
155 214
158 214
159 215
161 216
163 216
166 217
169 217
170 217
173 218
176 218
179 219
181 219
185 219
189 220
191 220
192 220
194 220
195 220
197 220
198 220
198 221
198 222
197 224
196 225
193 227
191 230
185 236
182 239
179 244
176 246
172 249
169 252
165 258
161 265
159 270
159 273
156 278
156 280
156 282
155 284
155 287
153 290
153 292
153 293
153 295
153 297
153 300
153 302
153 305
154 306
154 307
157 310
159 314
162 316
163 317
165 318
168 320
169 321
170 321
174 324
176 324
178 324
180 324
184 325
187 325
188 325
191 327
194 327
197 327
201 327
207 327
210 327
212 327
215 327
217 327
219 327
222 327
225 326
226 325
230 323
234 321
237 319
241 317
244 314
248 312
249 310
251 308
252 306
253 304
256 301
257 300
258 298
259 298
259 300
259 301
259 303
259 304
259 306
259 308
259 309
260 310
260 312
261 314
263 316
263 317
265 320
266 321
266 323
267 325
267 326
268 328
269 329
270 331
272 333
272 334
273 335
275 336
277 338
278 339
279 340
280 341
281 341
282 341
285 343
289 344
290 344
292 344
294 344
297 345
300 345
302 345
305 345
306 345
308 345
310 345
312 345
315 345
319 345
320 345
322 345
325 345
326 345
330 345
332 345
334 345
336 345
337 345
340 343
340 342
342 342
344 340
346 338
348 337
348 336
349 335
351 335
353 332
354 330
355 329
357 327
358 325
359 323
361 319
361 317
362 315
362 313
362 310
362 308
362 306
362 304
362 303
362 302
362 299
361 298
360 296
358 295
356 293
354 291
352 289
351 288
348 288
345 285
343 285
342 284
340 284
337 282
336 281
334 280
333 279
334 279
337 280
340 281
341 281
347 283
348 283
351 283
354 284
355 284
358 284
362 284
365 284
369 285
372 285
377 285
380 285
383 285
384 285
389 285
393 285
395 285
398 284
401 284
404 282
406 281
410 280
412 280
415 277
417 276
418 275
420 273
424 268
425 266
426 266
427 264
427 263
428 261
428 258
428 255
430 253
430 251
430 249
430 247
430 246
430 240
430 239
430 237
430 236
430 234
430 232
429 229
429 228
429 226
427 225
425 223
422 219
422 218
421 218
418 215
417 215
416 215
411 212
408 211
405 210
402 210
398 210
395 210
389 210
385 210
382 210
378 210
372 210
366 210
363 210
359 210
356 210
355 210
353 210
351 210
350 210
349 210
347 211
346 211
348 211
350 210
351 209
356 206
359 203
362 202
364 200
366 198
369 196
372 191
375 188
376 186
379 182
382 176
383 175
385 173
387 169
387 168
387 166
388 163
390 161
391 157
392 152
392 150
392 147
392 145
392 141
392 138
392 135
390 133
390 132
389 130
388 130
387 128
386 128
385 126
383 126
383 125
382 125
381 124
379 124
378 124
375 124
372 124
369 124
368 124
363 124
360 124
356 124
354 124
350 125
349 126
347 127
342 129
340 129
338 132
336 132
333 134
331 135
329 137
325 140
324 140
321 141
320 143
318 143
318 144
317 144
316 144
315 144
314 144
312 144
311 142
311 140
311 139
310 136
310 133
310 129
310 124
310 121
310 119
310 117
310 114
310 112
310 111
309 107
309 106
309 104
309 102
308 99
308 98
308 97
305 93
305 91
304 89
302 85
301 83
300 81
298 78
296 76
294 74
291 70
287 67
286 67
284 66
283 65
277 63
273 62
272 61
270 61
268 60
266 60
266 59
265 59
264 59
263 59
262 59
261 59
260 59
257 59
256 59
255 59
254 59
253 59
250 60
248 61
247 62
245 62
243 63
240 65
239 67
237 68
237 69
236 71
236 73
234 76
233 78
233 79
233 81
233 82
231 84
231 85
231 86
231 88
231 89
231 90
231 91
231 93
231 94
231 97
231 98
231 100
231 101
231 102
231 103
231 106
231 108
231 109
231 110
231 111
231 113
231 115
231 116
230 117
230 118
229 121
227 122
227 124
227 125
227 127
225 130
225 131
10000
