296 83
296 82
295 82
293 82
288 80
286 80
282 80
278 79
274 79
268 79
255 78
249 78
244 78
238 78
232 78
222 78
221 78
218 78
215 78
213 79
210 79
207 80
204 81
201 81
198 83
196 83
195 84
192 85
189 86
185 88
184 88
181 90
180 91
177 92
175 95
175 96
174 98
174 99
173 100
173 101
173 103
173 104
173 106
173 107
173 108
174 111
174 113
175 114
177 116
178 117
179 119
181 121
182 122
183 123
185 124
189 127
192 128
194 128
196 129
200 132
201 132
205 132
208 134
209 134
211 134
213 135
216 136
218 136
221 136
223 136
224 136
227 136
232 138
235 138
238 138
241 138
243 138
246 138
249 138
252 138
257 138
259 138
260 138
266 138
269 138
271 137
274 137
276 137
278 137
283 134
284 134
286 134
288 134
289 133
292 132
295 131
297 130
299 130
301 128
302 128
306 127
307 125
309 125
311 123
312 123
313 122
314 120
315 119
316 118
316 117
317 116
317 115
318 113
318 111
318 108
318 106
318 105
318 104
318 103
318 102
318 101
318 98
317 98
317 97
315 95
314 94
312 92
311 91
310 90
309 89
307 87
306 86
305 86
305 85
304 85
303 85
301 84
300 83
299 83
298 82
297 81
10000
173 104
174 104
174 105
174 106
173 108
171 110
169 115
168 119
168 121
167 127
164 133
163 138
160 148
155 158
154 164
152 170
152 175
150 180
148 185
143 198
140 203
138 209
134 220
134 223
132 228
130 232
129 235
129 239
128 241
127 243
126 245
126 249
126 251
126 253
126 255
126 256
20000
317 105
318 106
319 108
319 111
321 114
323 118
324 121
326 126
329 130
330 133
331 138
333 142
336 148
342 157
343 160
345 165
348 169
348 172
351 177
353 182
357 188
358 193
363 198
365 202
367 209
370 217
371 222
372 224
374 227
376 232
377 235
378 238
380 246
381 249
383 251
383 254
385 256
386 258
30000
126 253
125 253
125 254
125 255
128 255
130 255
133 255
141 255
144 255
147 255
151 255
154 255
157 255
161 256
164 256
167 256
171 256
177 256
180 256
184 256
191 256
194 256
198 256
203 256
210 256
213 256
216 256
218 256
221 256
224 256
225 256
235 256
238 256
242 256
247 256
255 256
258 256
259 256
262 256
265 256
268 256
270 256
275 256
276 256
279 256
283 256
287 256
289 256
291 256
294 256
297 256
300 256
305 256
308 256
309 256
311 256
313 256
315 256
319 256
321 256
325 256
327 256
329 256
330 256
334 256
339 256
341 256
344 256
347 256
349 256
350 256
352 256
356 256
358 256
359 256
361 256
363 256
364 256
366 256
367 256
369 256
370 256
372 256
373 256
374 256
375 256
376 257
377 257
378 258
379 258
380 258
381 258
382 259
40000
233 256
233 258
233 261
232 268
231 270
231 275
230 279
230 285
230 289
230 299
230 308
230 313
230 318
230 330
230 336
230 340
230 346
230 353
230 357
230 363
230 372
230 376
230 383
230 389
230 394
230 399
230 406
230 417
230 421
231 427
231 435
231 442
231 445
231 446
231 449
231 452
231 458
231 464
231 465
231 468
231 471
231 474
231 476
231 481
231 484
231 487
231 488
231 489
231 491
231 493
231 494
231 495
231 497
231 498
231 499
231 500
231 501
233 502
236 502
237 502
241 503
246 504
247 504
248 504
250 504
252 505
255 505
256 505
257 505
258 505
259 505
260 505
261 505
262 505
263 505
263 504
263 503
263 501
264 498
264 495
264 492
264 488
264 485
264 482
264 479
264 476
264 474
264 473
264 470
264 468
265 463
266 460
266 459
267 457
267 455
267 449
267 447
268 441
268 438
268 436
268 433
268 432
268 430
268 424
268 421
268 418
268 415
268 412
268 406
268 403
268 399
268 392
268 388
268 384
268 381
268 379
268 373
268 370
268 367
268 365
268 362
268 359
268 355
268 352
268 350
268 347
268 345
268 343
268 337
268 336
268 333
268 332
268 326
268 321
268 315
268 314
268 311
268 307
268 305
268 303
268 301
268 299
268 297
268 294
268 291
268 289
268 283
268 282
268 279
268 276
268 273
268 272
268 269
268 267
268 266
268 265
268 263
268 262
268 261
268 259
270 258
50000
