265 83
263 83
259 83
256 83
252 83
248 83
240 83
235 84
231 84
225 85
222 86
217 88
213 89
203 93
198 94
194 96
190 98
186 100
179 104
173 108
169 112
163 116
156 121
154 123
150 127
149 128
147 130
144 135
140 139
139 140
137 142
136 144
132 149
132 151
130 155
129 157
129 159
128 161
127 166
126 168
126 170
126 175
126 177
126 179
126 181
126 185
126 188
126 191
126 192
127 195
129 199
129 202
130 203
131 207
133 211
135 214
135 217
137 220
138 221
140 223
142 227
143 229
144 230
147 234
149 236
150 240
152 241
154 243
154 244
155 244
155 245
156 246
158 248
160 249
162 251
163 252
164 253
166 255
167 255
169 256
171 259
172 259
173 260
176 261
177 262
178 263
179 263
181 263
184 265
186 266
187 266
191 268
194 269
196 270
199 271
201 273
203 273
204 273
207 276
208 276
210 277
212 277
213 278
215 279
217 279
219 280
221 280
222 280
227 282
231 283
232 283
235 283
238 283
240 284
243 284
246 284
251 286
254 286
259 286
265 286
266 286
272 286
275 286
277 286
280 286
286 286
289 286
292 286
294 286
296 286
301 285
305 284
309 283
310 282
313 281
314 281
322 276
324 274
327 273
329 272
334 268
340 265
342 262
345 260
350 257
351 255
354 253
357 250
360 247
361 245
363 243
364 242
365 237
367 235
367 233
367 231
367 228
368 226
369 225
369 222
371 217
372 216
372 214
374 212
375 208
375 207
375 205
376 202
376 200
377 199
377 198
377 196
377 194
378 191
378 189
378 188
378 187
378 185
378 183
378 181
378 180
378 179
378 176
377 173
377 172
376 169
375 166
374 164
374 162
373 161
372 159
372 158
372 154
371 154
370 151
369 147
367 146
367 145
366 144
364 140
362 139
362 138
360 135
357 131
355 129
355 128
353 126
352 124
351 123
349 121
348 120
347 119
346 118
346 117
344 116
342 113
340 111
338 110
337 110
336 108
335 107
334 106
333 106
332 105
331 104
329 103
328 102
327 101
326 101
325 101
324 100
323 100
321 99
319 98
318 97
315 97
314 97
313 97
310 95
309 94
308 94
306 93
305 93
302 91
301 91
299 90
298 90
296 89
294 88
290 87
289 87
287 87
286 87
285 87
284 87
282 86
281 86
280 86
279 86
277 85
276 85
274 85
272 84
271 84
270 84
268 84
267 84
266 84
265 84
264 84
10000
