251 49
251 48
249 48
247 48
240 48
236 48
231 48
219 48
210 48
201 48
197 48
191 48
187 48
183 48
175 48
169 50
164 51
160 53
155 55
148 56
145 57
142 58
139 60
137 61
135 62
131 65
128 66
126 68
124 68
121 71
119 73
118 75
116 77
115 79
115 81
115 84
115 85
115 87
115 91
115 92
115 94
115 96
115 99
116 101
117 102
118 103
119 104
121 106
123 109
125 111
127 112
130 114
133 116
135 117
137 119
141 120
146 122
148 123
149 123
152 124
157 125
163 127
165 127
168 127
171 127
174 127
182 127
186 127
192 127
197 127
203 127
209 127
215 127
220 127
230 127
237 127
242 127
251 127
261 127
266 127
272 127
276 127
279 127
282 127
291 127
298 125
301 124
306 122
308 122
310 120
316 117
317 117
319 115
321 113
321 112
322 110
323 109
324 108
325 104
325 103
326 101
326 98
327 96
327 94
327 92
327 90
327 89
327 87
327 84
327 83
327 82
327 80
326 79
324 75
324 74
321 72
321 71
319 70
318 69
316 66
315 66
314 65
311 63
309 62
308 61
306 59
305 59
300 57
299 57
294 55
292 54
291 54
289 52
285 51
283 51
282 51
278 51
275 50
273 50
270 48
269 48
265 48
262 48
261 48
260 48
259 48
257 48
256 48
255 48
254 48
253 48
252 48
251 48
250 48
10000
117 90
117 89
116 90
116 92
116 95
116 103
116 108
116 115
116 122
116 131
116 138
116 156
116 167
116 176
116 195
116 204
116 228
116 252
116 264
116 275
116 285
116 306
116 316
116 324
116 332
116 340
116 351
116 355
116 358
116 362
116 366
116 369
116 374
116 380
116 384
116 387
116 389
116 391
116 392
116 394
116 396
116 397
116 398
117 399
118 399
119 399
20000
326 84
326 85
326 88
326 91
326 95
326 104
326 111
327 125
327 133
327 141
327 150
327 159
327 175
327 186
327 195
327 205
327 213
327 222
327 231
327 241
327 257
327 266
327 278
327 285
327 290
327 296
327 300
327 309
327 315
327 318
327 324
327 328
327 338
327 346
327 350
327 351
327 354
327 359
327 362
327 365
327 369
327 373
327 375
327 378
327 380
327 382
327 383
327 385
327 386
327 388
327 389
327 390
327 391
327 392
328 392
328 393
328 394
328 395
328 396
328 397
329 397
329 395
30000
116 397
117 399
117 400
118 402
118 404
120 405
120 406
122 408
123 410
124 411
125 413
127 415
128 415
130 417
130 419
131 419
132 420
133 422
134 424
136 424
138 426
140 427
143 430
144 431
145 432
147 432
147 433
151 434
152 435
153 435
156 436
159 436
162 438
163 438
165 438
167 439
169 439
173 439
177 440
179 441
184 441
187 441
191 442
193 442
194 443
195 443
198 443
201 443
205 443
208 443
209 443
213 443
215 443
216 443
221 443
224 443
227 443
230 443
231 443
237 442
239 442
241 442
243 442
244 442
246 442
248 441
251 440
254 439
255 438
257 438
258 437
260 437
263 435
264 435
265 434
267 433
268 433
271 431
272 430
273 429
274 429
276 428
277 428
277 427
281 425
282 424
284 424
285 422
286 421
288 421
288 420
290 420
292 418
294 418
295 417
296 416
297 416
298 415
300 415
301 414
303 413
304 412
306 411
307 410
307 409
308 409
309 408
311 407
311 406
312 406
314 405
315 404
316 403
317 402
318 401
319 400
320 399
321 399
321 398
321 397
321 396
322 395
322 394
323 393
324 392
325 392
325 391
325 389
40000
326 145
327 145
330 145
331 145
334 146
335 148
336 149
338 149
341 151
344 153
345 156
347 159
348 160
352 164
354 167
356 170
358 173
359 175
360 177
364 184
366 188
368 194
369 198
372 203
373 209
373 211
373 215
374 218
376 223
378 229
381 237
381 240
381 243
382 247
382 254
382 258
382 260
382 267
382 269
382 272
382 275
382 277
382 281
382 282
382 285
382 287
382 292
382 294
382 298
381 301
380 303
379 305
378 308
378 309
377 309
376 313
374 314
373 314
372 316
371 317
369 318
368 319
365 320
365 321
362 322
359 323
356 325
355 325
353 325
352 326
350 327
349 327
348 327
346 328
345 329
342 329
341 329
339 329
338 330
337 330
336 330
335 331
334 332
333 332
332 332
330 332
329 332
329 333
328 334
328 335
328 338
329 338
330 339
330 341
331 341
332 342
333 342
334 344
336 344
337 344
339 344
342 344
345 344
346 344
349 344
353 344
355 344
357 344
359 344
362 344
365 344
367 344
370 343
372 342
374 342
376 341
386 339
389 337
390 337
394 335
398 333
404 330
405 329
408 327
409 326
411 324
414 322
416 321
418 318
418 317
420 315
421 312
422 310
423 307
424 305
426 300
428 295
429 292
430 289
430 284
430 282
430 281
430 278
430 275
430 274
430 271
430 270
430 268
430 264
430 260
430 257
430 256
429 252
429 250
428 248
426 245
426 243
426 241
423 234
422 232
421 230
420 228
417 222
417 219
415 216
414 214
412 210
411 208
411 206
410 205
408 203
408 201
406 198
405 196
403 194
402 193
400 190
399 189
397 187
396 186
395 182
393 181
393 180
392 180
389 177
389 176
386 174
386 173
384 171
383 170
382 167
380 166
379 164
377 163
377 162
376 162
376 161
374 159
373 159
373 158
371 157
371 156
370 156
369 155
368 154
367 154
366 153
365 153
364 152
363 152
361 151
360 151
358 150
355 149
354 149
352 148
351 148
350 147
348 147
347 147
346 147
345 147
344 147
343 147
342 146
341 146
340 146
339 146
338 146
337 146
335 146
334 146
332 146
331 146
330 146
329 146
328 146
328 147
50000
