296 83
296 82
295 82
293 82
288 80
286 80
282 80
278 79
274 79
268 79
255 78
249 78
244 78
238 78
232 78
222 78
221 78
218 78
215 78
213 79
210 79
207 80
204 81
201 81
198 83
196 83
195 84
192 85
189 86
185 88
184 88
181 90
180 91
177 92
175 95
175 96
174 98
174 99
173 100
173 101
173 103
173 104
173 106
173 107
173 108
174 111
174 113
175 114
177 116
178 117
179 119
181 121
182 122
183 123
185 124
189 127
192 128
194 128
196 129
200 132
201 132
205 132
208 134
209 134
211 134
213 135
216 136
218 136
221 136
223 136
224 136
227 136
232 138
235 138
238 138
241 138
243 138
246 138
249 138
252 138
257 138
259 138
260 138
266 138
269 138
271 137
274 137
276 137
278 137
283 134
284 134
286 134
288 134
289 133
292 132
295 131
297 130
299 130
301 128
302 128
306 127
307 125
309 125
311 123
312 123
313 122
314 120
315 119
316 118
316 117
317 116
317 115
318 113
318 111
318 108
318 106
318 105
318 104
318 103
318 102
318 101
318 98
317 98
317 97
315 95
314 94
312 92
311 91
310 90
309 89
307 87
306 86
305 86
305 85
304 85
303 85
301 84
300 83
299 83
298 82
297 81
10000
173 104
174 104
174 105
174 106
173 108
171 110
169 115
168 119
168 121
167 127
164 133
163 138
160 148
155 158
154 164
152 170
152 175
150 180
148 185
143 198
140 203
138 209
134 220
134 223
132 228
130 232
129 235
129 239
128 241
127 243
126 245
126 249
126 251
126 253
126 255
126 256
20000
317 105
318 106
319 108
319 111
321 114
323 118
324 121
326 126
329 130
330 133
331 138
333 142
336 148
342 157
343 160
345 165
348 169
348 172
351 177
353 182
357 188
358 193
363 198
365 202
367 209
370 217
371 222
372 224
374 227
376 232
377 235
378 238
380 246
381 249
383 251
383 254
385 256
386 258
30000
126 253
125 253
125 254
125 255
128 255
130 255
133 255
141 255
144 255
147 255
151 255
154 255
157 255
161 256
164 256
167 256
171 256
177 256
180 256
184 256
191 256
194 256
198 256
203 256
210 256
213 256
216 256
218 256
221 256
224 256
225 256
235 256
238 256
242 256
247 256
255 256
258 256
259 256
262 256
265 256
268 256
270 256
275 256
276 256
279 256
283 256
287 256
289 256
291 256
294 256
297 256
300 256
305 256
308 256
309 256
311 256
313 256
315 256
319 256
321 256
325 256
327 256
329 256
330 256
334 256
339 256
341 256
344 256
347 256
349 256
350 256
352 256
356 256
358 256
359 256
361 256
363 256
364 256
366 256
367 256
369 256
370 256
372 256
373 256
374 256
375 256
376 257
377 257
378 258
379 258
380 258
381 258
382 259
40000
233 256
233 258
233 261
232 268
231 270
231 275
230 279
230 285
230 289
230 299
230 308
230 313
230 318
230 330
230 336
230 340
230 346
230 353
230 357
230 363
230 372
230 376
230 383
230 389
230 394
230 399
230 406
230 417
230 421
231 427
231 435
231 442
231 445
231 446
231 449
231 452
231 458
231 464
231 465
231 468
231 471
231 474
231 476
231 481
231 484
231 487
231 488
231 489
231 491
231 493
231 494
231 495
231 497
231 498
231 499
231 500
231 501
233 502
236 502
237 502
241 503
246 504
247 504
248 504
250 504
252 505
255 505
256 505
257 505
258 505
259 505
260 505
261 505
262 505
263 505
263 504
263 503
263 501
264 498
264 495
264 492
264 488
264 485
264 482
264 479
264 476
264 474
264 473
264 470
264 468
265 463
266 460
266 459
267 457
267 455
267 449
267 447
268 441
268 438
268 436
268 433
268 432
268 430
268 424
268 421
268 418
268 415
268 412
268 406
268 403
268 399
268 392
268 388
268 384
268 381
268 379
268 373
268 370
268 367
268 365
268 362
268 359
268 355
268 352
268 350
268 347
268 345
268 343
268 337
268 336
268 333
268 332
268 326
268 321
268 315
268 314
268 311
268 307
268 305
268 303
268 301
268 299
268 297
268 294
268 291
268 289
268 283
268 282
268 279
268 276
268 273
268 272
268 269
268 267
268 266
268 265
268 263
268 262
268 261
268 259
270 258
50000
232 502
231 501
229 501
228 501
227 501
226 501
222 501
221 501
220 501
218 501
217 501
215 501
212 501
208 502
206 502
204 502
201 503
200 504
198 504
196 505
193 506
191 506
189 506
187 507
186 507
184 507
183 508
182 508
181 509
180 510
179 510
177 511
177 512
177 513
176 514
176 516
176 517
176 518
176 519
176 520
176 521
176 522
176 524
176 525
178 527
179 528
181 530
182 531
183 532
185 534
187 535
189 537
190 537
191 538
195 539
198 540
198 541
200 541
204 542
208 542
211 543
215 544
219 544
221 544
222 544
226 544
228 544
229 544
231 544
233 544
235 544
239 544
240 544
242 544
244 544
246 544
250 544
252 544
254 544
258 544
260 544
261 544
263 544
264 544
267 544
268 544
271 544
273 543
274 543
275 543
277 543
278 541
281 541
282 541
284 540
285 539
286 539
288 538
289 537
291 537
293 537
293 536
294 536
297 533
299 533
301 531
301 530
302 529
303 529
303 528
304 527
304 526
304 525
304 524
304 523
304 522
304 521
304 519
303 519
303 518
302 518
301 516
300 516
298 516
298 515
297 515
294 513
293 512
291 512
290 512
288 511
287 511
285 511
282 511
281 511
279 510
278 510
276 509
275 509
273 508
272 508
270 508
269 508
268 508
266 508
265 508
264 506
263 506
262 506
261 506
259 505
257 505
256 505
253 505
252 505
251 505
249 505
248 503
246 503
245 503
244 503
242 503
240 503
238 503
237 503
235 502
234 502
232 501
231 501
60000
176 520
176 521
176 522
176 523
176 525
176 528
176 531
176 534
176 536
176 541
176 542
176 544
176 549
176 551
176 553
176 555
176 556
176 557
176 562
176 563
176 566
176 567
176 568
176 569
176 570
176 571
176 573
176 574
70000
305 521
304 521
304 523
304 524
304 525
304 528
304 530
304 533
304 535
304 537
304 540
304 541
304 543
304 545
304 547
304 548
304 550
304 552
304 554
304 557
304 559
304 560
304 561
304 562
304 563
304 564
304 565
304 566
304 567
304 568
304 569
304 570
304 571
304 572
304 573
80000
176 571
177 572
178 573
179 574
179 575
180 576
181 577
182 579
183 579
184 580
185 581
187 583
188 584
190 585
191 586
192 587
193 587
194 588
196 588
197 588
199 590
200 590
202 591
204 592
205 592
206 593
207 593
210 594
212 594
213 595
214 595
215 595
216 595
219 596
223 597
224 597
225 597
226 597
227 597
229 597
232 597
233 597
234 597
235 597
237 597
238 597
240 597
241 597
242 597
243 597
244 597
245 597
247 597
248 597
250 597
251 596
252 596
253 596
254 596
255 596
256 595
257 595
259 594
260 594
261 594
262 593
264 593
266 593
267 592
268 592
269 591
271 591
272 590
274 590
275 590
277 590
278 589
280 588
282 588
283 588
283 587
284 587
285 587
286 587
286 586
287 586
287 585
289 585
289 584
291 583
292 583
292 582
293 582
293 581
295 580
295 579
296 579
297 578
298 578
299 577
299 576
300 575
300 574
301 574
302 573
302 572
303 572
303 571
90000
