299 78
299 79
299 81
299 84
299 87
299 90
299 91
299 92
299 93
299 94
299 95
299 96
299 97
299 98
299 100
299 102
299 103
299 104
299 105
299 107
299 108
299 109
299 110
299 112
299 113
299 114
299 115
299 118
299 119
299 121
299 122
299 124
299 125
299 127
299 128
299 129
299 130
299 131
299 133
299 134
299 135
299 136
299 137
299 138
299 139
299 140
299 141
299 142
299 143
299 145
299 146
299 148
299 149
299 150
299 151
299 152
299 154
299 155
299 156
299 157
299 158
299 160
299 162
299 164
299 165
299 166
299 167
299 168
299 169
299 171
299 172
299 173
299 174
299 175
299 176
299 178
299 179
299 181
299 182
299 183
299 184
299 185
299 187
299 188
299 190
299 191
299 193
299 194
299 196
299 199
299 200
299 203
299 205
299 206
299 208
299 209
299 210
299 212
299 214
299 215
299 217
299 218
299 220
299 223
299 224
299 225
299 227
299 228
299 229
299 230
299 232
299 233
299 234
299 235
299 236
299 237
299 238
299 239
299 240
10000
