256 92
253 91
249 91
240 88
236 88
232 88
225 88
219 88
213 88
210 88
208 88
205 88
202 88
200 88
198 88
192 89
189 90
186 90
182 91
179 91
171 93
167 94
165 94
161 95
158 95
154 97
152 98
151 98
148 98
147 99
142 101
141 103
140 103
138 105
136 106
135 107
134 108
133 109
133 110
133 111
132 111
132 112
131 113
131 114
131 115
131 116
131 118
131 120
131 121
131 123
132 124
133 125
134 126
136 128
137 130
139 131
142 132
143 132
144 133
147 134
148 135
149 136
151 136
154 137
155 138
156 138
157 138
159 140
163 142
165 142
168 143
172 143
179 145
182 145
184 145
186 146
190 146
192 146
194 147
197 147
202 147
204 147
206 147
212 147
215 147
216 147
219 147
223 147
226 147
227 147
230 147
232 147
234 147
241 147
244 147
246 147
249 147
253 147
255 147
256 147
262 147
265 147
268 147
271 147
274 147
278 147
281 147
282 147
288 147
292 147
293 147
296 147
300 147
303 147
306 145
309 145
311 144
314 143
318 141
321 140
323 138
325 137
325 136
328 135
329 134
329 133
330 132
331 132
331 130
331 129
331 128
331 127
331 126
331 124
331 123
331 121
331 119
330 117
329 116
328 113
328 112
327 112
326 111
325 110
325 109
324 109
323 108
322 107
322 106
320 106
318 104
317 103
315 103
312 101
310 101
308 100
306 100
304 99
302 99
301 98
299 98
298 97
296 97
295 97
293 97
293 96
292 96
289 95
288 94
287 94
286 94
285 94
284 94
283 94
282 94
281 93
280 93
279 93
278 93
276 93
275 93
274 93
272 93
271 93
270 92
269 92
268 92
266 92
265 92
264 91
263 91
262 91
261 91
260 91
259 90
257 90
256 90
254 90
253 90
252 90
251 90
10000
128 112
128 114
128 115
128 119
128 120
128 123
128 129
128 131
128 134
128 137
128 142
128 144
128 146
128 151
128 153
128 155
128 158
128 163
128 166
128 168
128 171
128 174
128 178
128 180
128 182
128 185
128 190
128 193
128 195
128 196
128 200
128 202
128 203
128 205
128 206
128 208
128 209
128 210
128 211
128 212
128 213
128 214
128 215
128 216
20000
330 121
330 123
330 124
331 127
332 129
333 133
333 136
333 138
333 141
333 142
333 144
333 145
333 148
333 149
333 153
333 154
333 158
333 162
333 164
333 166
333 168
333 169
333 171
333 172
333 174
333 175
333 176
333 178
333 181
333 182
333 184
333 185
333 187
333 188
333 189
333 190
333 193
333 194
333 195
333 198
333 199
333 202
333 203
333 204
333 205
333 206
333 207
333 208
333 209
333 210
333 211
333 212
333 213
333 214
333 215
333 216
333 217
333 218
333 219
334 220
30000
126 212
126 213
127 213
128 214
130 215
131 216
132 217
133 217
134 218
135 219
137 220
139 221
140 222
142 223
143 225
145 225
145 226
148 226
149 228
150 228
152 228
154 229
155 230
157 230
158 230
161 232
162 232
164 233
165 233
167 234
168 234
170 235
172 236
173 236
176 236
177 236
178 237
179 237
180 237
182 238
183 239
186 239
187 239
188 239
191 241
193 241
195 241
197 241
199 242
201 242
204 244
205 244
206 244
208 244
209 244
211 244
215 245
217 245
220 245
221 245
223 245
225 245
226 245
228 245
229 246
230 246
231 246
232 246
234 246
236 246
238 246
239 246
241 246
243 246
244 246
245 246
247 246
248 246
250 246
251 246
253 246
254 246
256 246
257 246
259 246
260 246
262 246
263 246
265 246
267 246
268 246
270 245
272 245
273 244
275 244
277 244
279 244
281 244
285 242
286 241
287 241
288 241
290 240
291 240
292 240
294 240
296 238
297 238
298 238
300 237
302 237
303 237
304 235
306 235
307 234
309 233
311 232
312 231
313 231
315 230
317 229
317 228
318 228
319 227
320 226
321 226
322 225
322 224
322 223
323 223
324 222
324 221
325 221
325 220
326 220
326 219
327 219
328 219
328 218
329 218
330 217
330 216
40000
135 218
135 219
135 220
135 224
135 226
135 228
136 232
136 234
136 237
136 239
136 241
136 242
136 244
136 247
136 248
136 250
136 253
136 254
136 255
136 257
136 259
136 261
136 263
136 264
136 266
137 267
137 268
137 269
138 270
138 272
138 273
138 275
138 276
138 277
138 279
138 280
139 282
139 283
139 284
140 285
140 287
140 288
140 289
140 290
141 292
141 293
141 294
141 295
141 296
141 298
141 299
141 300
142 302
143 303
144 304
144 305
145 305
146 305
147 305
148 304
149 304
149 303
149 301
150 300
151 298
152 297
152 296
152 295
153 294
153 293
153 291
153 289
154 289
154 287
155 286
155 284
155 283
155 281
156 279
156 278
156 275
157 274
157 273
157 272
157 271
158 269
158 268
158 266
158 264
158 263
158 262
159 260
159 259
159 258
159 257
159 256
159 254
159 253
159 252
159 250
159 248
159 246
159 245
159 243
159 241
159 239
159 238
159 237
159 236
159 235
159 234
159 233
50000
186 239
187 239
187 241
187 245
187 247
187 248
187 250
187 253
187 256
187 258
187 260
187 263
187 268
187 269
187 271
187 272
187 273
187 276
187 279
187 280
187 281
187 285
186 286
186 287
186 289
186 290
186 291
186 292
186 293
186 296
186 297
186 298
186 299
186 300
186 302
186 303
186 305
186 306
186 307
186 308
186 309
186 310
186 311
186 312
186 313
186 315
186 316
187 316
187 317
187 318
187 319
188 320
188 321
189 322
190 322
190 323
190 324
191 325
192 325
193 325
194 325
195 325
196 325
196 324
197 324
197 323
198 323
198 322
199 321
200 320
200 319
201 319
201 318
201 317
202 316
203 315
203 314
203 313
204 313
204 312
204 310
205 306
206 305
206 304
207 303
207 301
208 300
208 298
209 296
209 295
209 294
209 293
210 292
210 291
210 290
210 289
211 288
211 287
211 286
211 285
211 284
211 283
211 281
211 280
213 278
213 277
213 276
213 275
213 273
213 272
213 271
214 270
214 269
214 267
215 265
215 263
215 262
215 261
215 259
216 258
216 257
216 256
216 255
216 254
216 253
216 252
216 251
216 250
217 250
217 249
217 248
217 247
217 246
217 245
217 244
217 243
60000
263 247
263 249
263 250
263 251
263 254
262 254
262 257
262 259
261 259
261 260
261 263
261 264
260 267
260 269
260 270
260 272
260 273
259 274
259 277
259 279
259 280
259 283
259 286
259 287
259 289
259 290
259 293
259 294
259 296
259 299
259 303
259 306
259 307
259 310
259 312
259 313
260 314
260 317
260 321
260 322
261 323
261 324
262 325
263 327
263 328
264 329
264 330
265 331
266 331
266 332
267 333
268 333
269 333
270 333
271 332
272 331
273 330
274 329
274 328
276 327
277 326
278 325
278 324
278 323
280 321
280 320
281 318
281 316
281 315
281 311
281 308
283 305
283 304
283 302
283 300
283 298
283 296
283 295
283 292
283 290
283 288
284 288
284 287
284 286
284 285
284 284
284 283
284 282
284 281
284 279
284 278
284 276
284 275
284 274
284 273
284 272
284 271
284 270
284 267
284 266
284 265
284 264
284 261
284 260
284 258
284 257
284 256
284 255
284 254
284 253
284 251
284 249
284 248
284 246
284 245
284 243
284 242
284 241
284 240
284 239
70000
312 231
311 231
311 232
311 234
311 236
311 238
311 241
311 243
311 245
311 246
311 250
311 252
311 255
311 258
311 260
311 261
311 264
311 266
311 267
311 269
311 271
311 273
311 274
311 276
311 277
311 279
311 281
311 282
311 284
311 286
311 287
311 288
311 289
311 290
311 291
311 292
311 293
311 294
311 296
311 297
311 299
311 302
311 304
311 305
311 307
311 308
311 309
311 312
311 314
311 315
311 317
311 318
311 321
311 322
311 323
311 324
312 325
312 326
313 327
314 329
315 330
315 331
315 332
316 333
317 334
318 335
319 336
320 336
322 336
323 336
324 336
326 335
326 334
327 334
328 332
329 332
329 331
329 330
329 329
329 328
329 327
329 326
329 325
329 324
330 323
330 321
330 320
330 318
330 317
330 315
331 313
331 312
331 311
331 309
332 307
332 305
333 301
333 299
333 298
333 295
333 294
333 292
333 291
333 288
333 286
333 284
333 283
333 281
333 280
333 278
333 277
333 276
333 274
333 273
333 271
333 270
332 267
332 266
332 265
332 261
332 260
332 259
332 258
331 255
330 254
330 251
330 250
330 249
330 248
330 247
329 244
329 243
329 242
328 241
328 240
328 239
328 238
328 237
328 236
328 235
328 233
327 232
327 231
327 230
327 229
327 228
327 227
327 226
326 224
326 223
326 222
325 221
80000
