286 72
286 71
285 71
284 71
281 71
277 71
273 71
268 71
262 71
256 71
249 71
235 71
222 71
212 71
209 71
201 71
196 71
192 71
188 71
185 71
181 71
175 72
166 76
154 77
149 80
143 80
140 81
136 82
133 84
130 84
127 84
126 85
123 85
121 86
119 87
116 88
115 88
112 90
108 91
108 92
107 92
105 93
104 94
102 95
101 96
99 98
99 99
99 100
98 101
98 102
98 103
98 104
98 105
98 107
98 108
98 111
98 112
99 113
100 116
103 118
104 119
105 120
106 121
107 122
109 123
109 124
111 124
116 126
119 128
122 128
126 129
127 130
130 130
134 131
137 131
139 132
144 134
147 134
148 135
154 136
156 137
160 138
162 138
164 138
165 139
166 139
168 139
170 139
172 139
175 141
177 141
178 141
180 141
182 141
184 142
187 142
189 142
191 142
193 142
196 142
199 142
202 142
208 142
214 142
215 142
219 142
225 143
228 143
230 143
233 143
236 143
242 143
245 143
248 143
251 143
253 143
256 143
264 143
270 143
273 143
277 143
278 143
281 143
284 143
286 143
291 143
293 143
296 143
297 143
302 143
304 143
307 143
311 143
318 143
322 143
325 143
327 143
330 143
338 143
341 143
344 143
347 143
349 143
357 141
363 140
365 139
370 138
372 137
374 136
375 136
381 133
384 131
388 130
391 129
395 127
397 126
400 124
405 120
407 119
409 117
411 115
411 113
411 112
412 110
412 109
412 108
412 107
412 106
412 104
412 103
412 102
412 101
411 100
410 99
410 98
408 97
407 95
405 93
404 92
403 92
401 91
398 87
397 86
395 85
394 85
392 84
391 84
388 83
386 82
385 82
384 81
381 81
379 81
378 81
376 81
373 79
370 79
369 79
367 79
366 78
364 78
363 78
361 78
357 78
354 77
350 76
348 76
344 76
343 76
341 75
340 75
337 74
336 74
333 74
330 74
326 74
324 72
323 72
321 72
319 72
315 71
312 71
309 71
307 71
305 71
302 70
299 70
297 70
296 70
294 69
293 69
291 69
289 68
288 68
10000
98 104
98 107
98 108
98 110
98 113
98 115
98 119
98 122
98 125
98 126
98 127
98 129
98 131
98 132
98 133
98 135
98 136
98 137
98 138
98 140
98 141
98 143
98 144
98 145
98 146
98 148
98 149
98 150
98 151
98 152
98 153
98 154
98 155
20000
412 101
412 102
412 103
412 106
412 108
412 110
412 112
411 114
411 116
411 120
411 123
411 124
411 126
411 128
411 131
411 134
411 136
411 138
411 139
411 140
411 142
411 143
411 145
411 147
411 148
411 149
411 150
411 152
411 154
411 155
411 156
411 158
411 159
411 160
410 162
30000
98 155
101 156
103 156
105 156
111 158
113 158
116 158
118 158
122 158
128 158
131 158
137 158
140 158
143 158
144 158
146 158
147 158
149 158
151 158
153 158
155 158
157 158
159 158
161 158
164 158
166 158
167 158
170 158
173 158
174 158
176 158
177 158
179 158
181 158
184 158
188 158
192 158
193 158
194 158
196 158
198 158
199 158
200 158
201 158
204 158
208 158
211 158
214 158
218 158
221 158
225 158
227 158
234 158
237 158
240 158
243 158
245 158
249 158
251 158
254 158
256 158
258 158
259 158
262 158
264 158
265 158
268 158
270 158
273 158
275 158
278 158
279 158
280 158
282 158
283 158
287 158
289 158
290 158
292 158
293 158
297 158
299 158
302 158
303 158
305 158
309 158
310 158
312 158
313 158
314 158
316 158
320 158
321 158
323 158
327 158
329 158
331 158
333 158
334 158
338 158
341 158
343 158
345 158
350 158
351 158
354 158
355 158
357 158
358 158
359 158
361 158
363 158
364 158
365 158
368 158
369 158
371 158
374 158
375 158
378 158
380 158
381 158
383 158
384 158
386 158
387 158
388 158
390 158
391 158
392 158
393 158
394 158
396 158
397 158
398 158
399 158
400 158
401 158
403 158
404 158
405 158
408 158
409 159
40000
127 160
126 161
126 162
126 164
125 167
125 171
125 173
124 176
124 178
124 181
124 186
124 190
124 193
124 197
124 198
124 202
124 208
124 211
124 214
124 217
124 220
124 223
124 226
124 227
124 229
124 231
124 233
124 234
124 237
124 239
124 241
124 242
124 243
125 243
128 243
131 243
138 243
141 243
143 243
144 243
145 243
146 243
148 243
149 243
150 243
151 243
152 243
153 243
154 243
154 242
154 241
154 237
154 236
155 234
155 232
156 230
156 227
156 225
156 223
156 221
156 220
156 217
156 216
156 214
156 212
156 209
156 207
156 205
156 203
156 202
156 200
156 199
156 196
156 192
156 190
156 188
156 187
156 186
156 184
156 183
156 180
156 179
156 178
156 176
157 174
157 173
157 171
157 170
157 169
157 168
157 167
158 166
158 165
158 164
158 163
158 162
158 161
158 160
158 159
50000
197 160
197 161
197 162
197 164
197 165
197 169
197 171
197 173
197 176
197 178
197 179
197 182
197 185
197 186
197 188
197 190
197 192
197 195
197 198
197 200
197 201
197 204
197 205
197 206
197 207
197 208
197 209
197 211
197 212
197 213
197 214
197 215
197 217
197 218
197 220
197 221
196 222
196 223
196 224
196 225
196 226
196 227
196 228
196 229
196 230
196 231
196 232
195 233
195 234
195 235
195 236
195 237
195 238
195 239
195 240
195 241
197 241
198 241
200 241
203 241
204 241
206 241
207 241
208 241
210 241
213 241
215 241
217 241
218 241
219 241
220 241
221 241
222 241
223 241
224 241
224 240
224 239
224 238
224 237
224 235
226 234
226 233
226 232
226 231
226 230
226 229
226 227
226 225
226 224
226 223
226 222
226 220
226 218
226 216
226 214
226 213
226 211
226 210
226 209
226 207
226 206
226 205
226 204
226 201
226 199
226 198
226 196
226 194
226 192
226 191
225 189
225 187
225 185
225 184
225 181
225 180
225 179
225 177
225 175
225 174
225 173
225 172
225 171
225 170
225 168
225 167
225 166
225 165
225 164
225 163
225 161
225 160
225 158
60000
275 158
275 159
275 162
275 166
275 169
275 170
275 175
275 176
275 179
275 182
275 183
275 186
275 188
275 191
275 197
275 199
275 202
275 205
275 206
275 211
275 213
275 215
275 217
275 219
275 222
275 224
275 226
275 227
275 229
275 230
274 234
274 236
274 237
274 240
274 242
274 243
274 245
274 246
274 247
275 247
277 247
278 247
281 247
283 247
285 247
288 247
289 247
291 247
292 247
294 247
295 248
296 248
297 248
298 248
299 248
299 247
300 246
301 242
301 240
301 239
302 238
302 237
302 234
303 231
303 229
304 226
305 225
305 224
305 219
305 218
305 216
306 214
306 213
306 212
306 210
306 209
306 207
306 204
306 202
306 200
306 199
306 198
306 194
306 192
306 191
306 190
306 187
306 186
306 184
306 181
306 180
306 179
306 178
306 174
306 173
306 170
306 168
306 167
306 165
306 164
306 163
306 161
306 160
306 159
306 158
306 157
306 156
70000
351 162
351 164
351 166
351 168
351 171
352 175
352 178
352 180
353 183
353 186
353 187
353 190
354 192
354 195
354 197
354 200
354 201
354 203
354 205
354 208
354 213
354 214
354 215
354 219
354 220
354 221
354 222
354 223
354 224
354 225
354 227
354 228
354 230
354 231
354 233
354 234
354 236
354 237
354 238
354 239
354 240
354 242
354 243
354 245
355 246
357 247
360 247
363 249
368 249
371 249
372 249
375 249
378 249
380 250
382 250
385 251
386 251
388 251
389 251
389 250
389 247
389 246
389 242
389 240
389 239
389 237
389 236
389 234
389 233
389 230
389 229
389 227
389 226
389 223
389 221
389 220
389 215
389 212
389 210
389 206
389 205
389 202
389 199
389 195
389 192
389 188
389 187
389 185
389 184
389 182
389 181
389 179
389 178
389 175
389 173
389 170
389 169
389 168
389 167
389 166
389 165
389 164
389 163
389 162
389 161
389 160
389 159
389 158
389 157
80000
