263 70
263 69
263 68
262 67
261 66
259 65
256 65
243 62
238 61
233 61
223 61
217 61
210 61
206 61
198 61
187 62
181 63
177 64
174 64
169 66
167 67
161 69
159 71
158 71
157 71
154 72
150 74
147 75
146 76
142 78
140 79
139 80
137 81
135 82
133 83
130 85
128 86
127 87
125 90
124 90
124 91
123 93
123 94
121 99
121 102
121 103
122 105
122 106
124 109
124 110
126 113
128 115
129 116
130 117
131 118
132 119
133 120
134 120
136 122
137 122
140 124
143 126
145 126
150 129
152 130
156 131
160 131
162 131
164 133
166 133
169 133
173 133
177 133
180 134
182 134
185 135
188 135
193 137
196 137
198 137
200 137
204 137
206 137
207 137
210 137
213 137
217 137
220 137
222 137
225 137
227 137
228 137
232 137
234 137
236 137
238 137
241 137
244 137
245 137
250 137
252 137
256 137
259 137
262 137
266 137
269 137
273 137
274 137
277 137
278 137
281 137
284 137
286 137
289 137
291 137
294 137
295 137
298 137
301 137
302 137
307 137
310 137
312 137
314 135
315 135
320 135
323 134
325 134
330 133
331 133
333 132
334 132
337 130
340 129
341 129
343 127
344 126
345 126
346 125
347 125
348 123
350 122
352 120
353 119
353 118
354 116
354 114
355 114
355 113
355 111
355 109
356 108
356 105
356 104
356 102
356 101
356 100
356 99
355 98
355 96
354 95
353 94
352 93
350 91
349 89
348 88
346 87
346 85
344 83
343 83
342 82
340 80
338 79
338 78
337 78
336 77
335 77
333 76
332 75
328 75
327 74
326 73
324 73
323 72
322 72
321 72
319 70
317 70
316 70
315 69
314 69
313 69
310 68
309 67
307 67
304 67
302 67
300 67
300 66
299 66
298 66
297 66
295 66
294 65
292 65
291 65
289 65
288 65
286 65
285 64
282 64
280 64
279 64
277 64
276 64
275 64
273 64
271 64
270 64
268 64
267 64
266 64
265 64
264 64
263 64
262 64
261 64
260 64
259 64
258 64
10000
121 99
122 100
122 101
122 107
122 109
122 112
122 115
122 118
122 122
122 130
122 134
122 140
122 144
122 148
122 152
122 159
122 162
122 164
122 171
122 177
122 179
122 185
122 188
122 189
122 192
122 193
122 195
122 196
122 201
122 203
122 204
122 207
122 209
122 213
122 216
122 218
122 220
122 222
122 224
122 225
122 228
122 231
121 233
121 234
121 235
121 237
121 240
121 241
121 242
121 244
121 247
121 249
121 250
121 251
121 252
121 253
121 255
121 256
121 257
121 258
121 259
121 260
121 262
121 263
121 264
121 265
121 266
121 267
121 268
121 269
121 270
121 272
121 273
121 274
121 275
121 276
121 277
121 278
121 279
121 280
121 282
121 283
121 285
121 286
121 287
121 289
121 290
121 291
121 292
121 293
121 294
121 295
121 296
20000
355 102
355 104
355 110
355 114
355 118
355 122
355 127
355 140
355 146
355 152
355 158
355 163
355 177
355 181
355 186
355 190
355 195
355 207
356 211
356 215
356 222
356 225
356 228
356 231
356 234
356 236
356 244
356 247
356 250
356 253
356 258
356 260
355 263
355 264
355 266
355 267
355 269
355 271
355 272
355 273
355 275
355 277
355 278
355 280
355 281
355 282
355 283
355 284
355 285
355 286
355 287
355 288
355 289
355 290
355 291
355 292
355 293
355 294
355 295
355 297
355 298
30000
120 295
121 295
123 295
125 295
128 295
131 295
137 295
140 295
142 295
143 295
144 295
145 295
147 295
149 295
151 295
156 295
157 295
159 295
162 295
163 295
164 295
166 295
170 295
172 295
175 295
176 295
178 295
180 295
183 295
185 295
187 295
193 295
194 295
197 295
199 295
200 295
203 295
205 295
208 295
210 295
215 295
217 295
218 295
221 295
222 295
224 295
228 295
229 295
231 295
233 295
235 295
236 295
239 295
240 295
242 295
244 295
245 295
247 295
248 295
251 295
252 295
254 295
257 295
258 295
259 295
261 295
263 295
264 295
265 295
266 295
268 295
271 295
272 295
275 295
277 295
278 295
283 295
285 295
289 295
291 295
295 295
298 295
301 295
303 295
306 295
307 295
309 295
311 295
312 295
313 295
314 295
315 295
317 295
318 295
320 295
321 295
323 295
324 295
326 295
327 295
329 295
331 295
332 295
333 295
335 295
336 295
338 295
339 295
341 295
342 295
343 295
344 295
345 295
346 295
348 295
349 295
350 295
352 295
353 295
354 295
354 294
40000
133 294
134 294
134 295
134 298
134 299
134 301
134 304
134 306
134 311
134 313
134 315
134 318
134 321
134 325
134 326
134 333
134 336
134 338
134 340
133 344
133 347
133 349
133 354
133 355
133 358
133 361
133 362
133 364
133 367
133 368
133 370
133 372
133 375
133 377
133 379
133 382
133 385
133 391
133 393
133 396
133 398
133 400
133 401
134 403
134 407
134 409
134 410
135 413
136 417
137 418
137 419
137 420
138 421
140 424
140 425
141 426
142 428
143 429
144 431
145 431
145 432
146 433
147 433
149 433
150 433
152 433
152 432
153 432
154 431
154 430
156 428
156 427
156 425
156 424
157 421
157 420
157 419
158 417
158 416
159 414
159 412
159 411
160 409
160 408
160 406
160 405
160 402
160 401
160 400
160 398
160 397
160 396
161 393
161 392
161 391
161 389
161 387
161 386
161 382
161 379
161 378
162 373
162 372
162 370
162 369
163 366
164 363
164 362
164 360
164 357
164 355
164 352
164 351
164 348
164 346
164 345
164 342
164 341
164 339
164 336
164 335
164 332
164 331
164 329
164 328
164 327
164 325
164 324
164 323
164 322
164 320
164 319
164 316
164 315
164 314
164 313
164 311
164 310
164 308
164 304
164 302
164 301
164 300
164 299
164 298
164 297
164 296
165 296
166 295
50000
183 296
183 298
183 299
183 301
183 302
183 303
183 305
183 308
183 311
182 314
182 317
182 319
181 321
181 327
179 331
179 336
179 338
179 341
178 343
177 349
177 354
177 359
177 360
177 363
177 364
177 366
177 367
177 369
177 370
177 372
177 373
177 374
177 376
177 377
177 378
177 380
177 382
177 384
177 386
177 388
177 390
177 391
177 393
177 397
177 399
177 401
177 402
177 404
177 405
177 406
177 407
177 408
178 412
179 414
179 415
180 418
180 420
180 421
182 423
182 424
183 426
184 427
185 430
185 431
185 432
186 433
187 433
187 434
188 435
188 436
189 436
190 436
191 436
191 435
195 432
197 432
198 430
199 430
199 429
201 426
202 425
202 424
203 423
204 420
205 420
206 418
207 416
208 415
208 412
209 411
210 408
211 407
211 406
211 404
211 403
212 401
214 395
215 394
216 393
216 391
216 390
217 387
217 384
217 381
217 380
218 377
218 376
218 374
219 368
219 366
219 363
219 362
219 358
219 356
219 354
219 351
219 349
219 347
219 345
219 342
219 338
219 335
219 334
221 328
221 327
222 324
222 322
222 321
222 320
222 319
222 318
222 316
222 315
222 314
222 312
222 311
222 310
222 309
222 308
222 305
222 304
222 303
222 302
222 301
222 300
222 299
222 297
222 296
222 295
222 294
60000
246 296
246 298
246 300
246 303
246 305
246 309
246 312
246 314
246 317
246 320
245 324
245 327
245 330
245 331
245 334
245 335
245 337
245 338
244 341
244 342
244 343
243 345
243 347
243 348
242 351
242 353
242 354
242 355
241 358
241 360
241 361
241 362
241 364
241 366
241 367
240 369
239 371
239 373
239 377
239 378
239 380
239 383
239 384
239 386
239 389
239 390
239 391
239 393
239 394
239 396
239 399
239 400
239 401
239 402
239 404
239 405
239 407
239 409
239 410
239 412
239 413
239 415
239 417
239 419
239 420
239 421
239 422
239 423
239 424
239 425
239 426
239 427
240 428
241 428
241 429
241 430
242 430
242 431
242 432
242 433
243 434
244 434
245 435
246 435
247 435
248 435
249 435
250 435
251 435
252 435
253 435
254 435
255 435
257 434
257 433
259 431
260 431
260 430
262 429
262 428
263 427
263 426
264 425
264 424
265 424
266 421
267 420
268 419
268 418
269 415
269 413
270 411
270 410
271 409
271 407
272 405
272 403
272 401
273 396
273 394
275 392
275 390
275 388
275 387
275 385
276 383
276 382
276 378
277 376
277 374
277 373
278 370
278 368
279 362
279 360
280 357
280 353
280 350
280 345
280 342
280 341
282 337
282 336
282 335
282 334
282 331
282 329
282 328
282 325
282 323
282 321
282 319
282 318
282 316
282 315
282 313
282 312
282 310
282 309
282 308
282 306
282 303
282 301
282 300
282 298
282 297
282 296
70000
304 298
304 299
304 302
304 305
304 306
304 309
304 313
304 316
304 319
304 321
304 324
303 330
303 331
303 334
303 337
303 338
303 341
303 344
303 346
303 352
303 357
303 361
303 364
303 366
303 368
303 370
303 374
303 375
303 377
303 378
303 380
303 382
303 384
303 385
303 387
303 389
303 390
303 391
303 394
303 396
303 397
303 400
303 401
303 403
303 405
303 406
303 407
303 409
303 410
303 411
303 414
303 415
303 417
303 418
303 420
304 422
304 423
304 424
305 426
306 427
306 428
306 429
306 430
307 431
308 432
308 433
309 434
309 435
310 436
311 437
312 437
313 437
315 437
317 437
319 435
320 435
321 435
322 434
323 433
323 432
325 431
325 430
326 430
326 429
328 428
328 427
329 426
330 426
331 424
331 423
332 422
332 421
332 420
332 419
333 417
333 416
333 414
334 413
334 411
334 409
334 406
335 404
335 402
336 400
336 398
336 396
336 393
336 389
336 384
336 381
336 379
336 377
336 376
336 374
336 370
336 369
336 367
336 366
336 365
336 364
336 362
336 360
336 357
336 356
336 354
336 353
336 352
335 349
335 348
335 345
335 344
335 343
335 342
335 340
335 338
335 336
335 335
335 334
335 333
335 332
335 331
335 328
335 326
335 325
335 323
335 322
335 320
335 319
335 318
335 317
335 315
335 313
335 312
335 311
335 310
335 308
335 307
335 305
335 304
335 302
335 301
335 300
335 299
335 298
335 297
335 296
335 295
80000
